t(1)=0;
y(:,1)=[1];
t(2)=1;
y(:,2)=[2.718281547658089];
